Network_ID	Year	Fueling-Station Demand [kg]	Period	Ammonia [kg]	Biofuels [kg]	Methanol [kg]	FT Fuels [kg]	Metals [kg]	Natural Gas Blending [kg]	Seasonal Grid Storage [kg]	Other [kg]
Bakersfield	2025	127.9546764905547	1 Year	0	0	0	0	0	0	0	0
Coachella	2025	612.0254400663948	1 Year	0	0	0	0	0	0	0	0
Fowler	2025	435.9274176911008	1 Year	0	0	0	0	0	0	0	0
Los Angeles	2025	192.2142203535506	1 Year	0	0	0	0	0	0	0	0
Lost Hills	2025	298.05445201523185	1 Year	0	0	0	0	0	0	0	0
Mojave	2025	200.58752378318056	1 Year	0	0	0	0	0	0	0	0
Oakland	2025	123.36769055087709	1 Year	0	0	0	0	0	0	0	0
Orland	2025	1456.123729561602	1 Year	0	0	0	0	0	0	0	0
Santa Nella	2025	338.8672891722628	1 Year	0	0	0	0	0	0	0	0
W. Sacramento	2025	620.3241133152441	1 Year	0	0	0	0	0	0	0	0
Bakersfield	2026	434.40333614945337	1 Year	0	0	0	0	0	0	0	0
Coachella	2026	2077.8130214944103	1 Year	0	0	0	0	0	0	0	0
Fowler	2026	1479.9640760141276	1 Year	0	0	0	0	0	0	0	0
Los Angeles	2026	652.5630861417729	1 Year	0	0	0	0	0	0	0	0
Lost Hills	2026	1011.8883643863652	1 Year	0	0	0	0	0	0	0	0
Mojave	2026	680.9902686737956	1 Year	0	0	0	0	0	0	0	0
Oakland	2026	418.8306189208362	1 Year	0	0	0	0	0	0	0	0
Orland	2026	4943.508305572851	1 Year	0	0	0	0	0	0	0	0
Santa Nella	2026	1150.44705645611	1 Year	0	0	0	0	0	0	0	0
W. Sacramento	2026	2105.986836190276	1 Year	0	0	0	0	0	0	0	0
Bakersfield	2027	583.1290731702438	1 Year	0	0	0	0	0	0	0	0
Cluster_100	2027	4004.195961242999	1 Year	0	0	0	0	0	0	0	0
Cluster_36	2027	3748.396101537333	1 Year	0	0	0	0	0	0	0	0
Cluster_9	2027	4589.030700374108	1 Year	0	0	0	0	0	0	0	0
Coachella	2027	2789.189402146409	1 Year	0	0	0	0	0	0	0	0
Fowler	2027	1986.6561974893812	1 Year	0	0	0	0	0	0	0	0
Los Angeles	2027	875.9797081209523	1 Year	0	0	0	0	0	0	0	0
Lost Hills	2027	1358.3264099826542	1 Year	0	0	0	0	0	0	0	0
Mojave	2027	914.1394440697496	1 Year	0	0	0	0	0	0	0	0
Oakland	2027	562.2247581970697	1 Year	0	0	0	0	0	0	0	0
Orland	2027	6636.006624604572	1 Year	0	0	0	0	0	0	0	0
Santa Nella	2027	1544.323143807262	1 Year	0	0	0	0	0	0	0	0
W. Sacramento	2027	2827.009025257264	1 Year	0	0	0	0	0	0	0	0
Bakersfield	2028	617.1980732766194	1 Year	0	0	0	0	0	0	0	0
Cluster_100	2028	4238.138940432631	1 Year	0	0	0	0	0	0	0	0
Cluster_109	2028	3653.6104457084334	1 Year	0	0	0	0	0	0	0	0
Cluster_142	2028	3798.445854452298	1 Year	0	0	0	0	0	0	0	0
Cluster_21	2028	3547.6730486579686	1 Year	0	0	0	0	0	0	0	0
Cluster_33	2028	3756.527439864573	1 Year	0	0	0	0	0	0	0	0
Cluster_36	2028	3967.394112539831	1 Year	0	0	0	0	0	0	0	0
Cluster_65	2028	3754.713569385987	1 Year	0	0	0	0	0	0	0	0
Cluster_9	2028	4857.142332279591	1 Year	0	0	0	0	0	0	0	0
Cluster_91	2028	3680.180501664795	1 Year	0	0	0	0	0	0	0	0
Coachella	2028	2952.1462815244417	1 Year	0	0	0	0	0	0	0	0
Fowler	2028	2102.7255092724986	1 Year	0	0	0	0	0	0	0	0
Los Angeles	2028	927.1583478805971	1 Year	0	0	0	0	0	0	0	0
Lost Hills	2028	1437.6858944182402	1 Year	0	0	0	0	0	0	0	0
Mojave	2028	967.5475457237068	1 Year	0	0	0	0	0	0	0	0
Oakland	2028	595.0724350290407	1 Year	0	0	0	0	0	0	0	0
Orland	2028	7023.711715641178	1 Year	0	0	0	0	0	0	0	0
Santa Nella	2028	1634.549386626212	1 Year	0	0	0	0	0	0	0	0
W. Sacramento	2028	2992.1754956213576	1 Year	0	0	0	0	0	0	0	0
Bakersfield	2029	682.0005566994552	1 Year	0	0	0	0	0	0	0	0
Cluster_100	2029	4683.120770938071	1 Year	0	0	0	0	0	0	0	0
Cluster_109	2029	4037.21992310777	1 Year	0	0	0	0	0	0	0	0
Cluster_118	2029	3731.635006078667	1 Year	0	0	0	0	0	0	0	0
Cluster_133	2029	3169.264500811468	1 Year	0	0	0	0	0	0	0	0
Cluster_142	2029	4197.262272022941	1 Year	0	0	0	0	0	0	0	0
Cluster_21	2029	3920.1596682366767	1 Year	0	0	0	0	0	0	0	0
Cluster_22	2029	3142.984350270865	1 Year	0	0	0	0	0	0	0	0
Cluster_33	2029	4150.94264899979	1 Year	0	0	0	0	0	0	0	0
Cluster_36	2029	4383.949189980086	1 Year	0	0	0	0	0	0	0	0
Cluster_47	2029	3365.077198291795	1 Year	0	0	0	0	0	0	0	0
Cluster_56	2029	3790.670701746866	1 Year	0	0	0	0	0	0	0	0
Cluster_58	2029	3608.966758197523	1 Year	0	0	0	0	0	0	0	0
Cluster_65	2029	4148.938331861196	1 Year	0	0	0	0	0	0	0	0
Cluster_70	2029	3356.312804794644	1 Year	0	0	0	0	0	0	0	0
Cluster_9	2029	5367.1161949634325	1 Year	0	0	0	0	0	0	0	0
Cluster_91	2029	4066.579692261898	1 Year	0	0	0	0	0	0	0	0
Coachella	2029	3262.1057884533197	1 Year	0	0	0	0	0	0	0	0
Fowler	2029	2323.5003963910044	1 Year	0	0	0	0	0	0	0	0
Los Angeles	2029	1024.50499569158	1 Year	0	0	0	0	0	0	0	0
Lost Hills	2029	1588.635193150946	1 Year	0	0	0	0	0	0	0	0
Mojave	2029	1069.134842423619	1 Year	0	0	0	0	0	0	0	0
Oakland	2029	657.5518452476026	1 Year	0	0	0	0	0	0	0	0
Orland	2029	7761.163729389805	1 Year	0	0	0	0	0	0	0	0
Santa Nella	2029	1806.1682949100984	1 Year	0	0	0	0	0	0	0	0
W. Sacramento	2029	3306.3378550788784	1 Year	0	0	0	0	0	0	0	0
Bakersfield	2030	794.0781878112589	1 Year	0	0	0	0	0	0	0	0
Cluster_100	2030	5452.728767678349	1 Year	0	0	0	0	0	0	0	0
Cluster_104	2030	3143.4206274209173	1 Year	0	0	0	0	0	0	0	0
Cluster_109	2030	4700.68279101082	1 Year	0	0	0	0	0	0	0	0
Cluster_118	2030	4344.879097372695	1 Year	0	0	0	0	0	0	0	0
Cluster_13	2030	2961.2547178111668	1 Year	0	0	0	0	0	0	0	0
Cluster_133	2030	3690.090553119536	1 Year	0	0	0	0	0	0	0	0
Cluster_142	2030	4887.025950339971	1 Year	0	0	0	0	0	0	0	0
Cluster_2	2030	3314.5457516458955	1 Year	0	0	0	0	0	0	0	0
Cluster_21	2030	4564.385255562142	1 Year	0	0	0	0	0	0	0	0
Cluster_22	2030	3659.491612822945	1 Year	0	0	0	0	0	0	0	0
Cluster_26	2030	2675.331781291993	1 Year	0	0	0	0	0	0	0	0
Cluster_33	2030	4833.094319421182	1 Year	0	0	0	0	0	0	0	0
Cluster_36	2030	5104.392355753049	1 Year	0	0	0	0	0	0	0	0
Cluster_47	2030	3918.082437346303	1 Year	0	0	0	0	0	0	0	0
Cluster_53	2030	3513.944122556153	1 Year	0	0	0	0	0	0	0	0
Cluster_56	2030	4413.616516678115	1 Year	0	0	0	0	0	0	0	0
Cluster_58	2030	4202.051970587273	1 Year	0	0	0	0	0	0	0	0
Cluster_65	2030	4830.760619682113	1 Year	0	0	0	0	0	0	0	0
Cluster_70	2030	3907.877733498019	1 Year	0	0	0	0	0	0	0	0
Cluster_79	2030	2718.5996169142563	1 Year	0	0	0	0	0	0	0	0
Cluster_9	2030	6249.1296524662	1 Year	0	0	0	0	0	0	0	0
Cluster_90	2030	2954.708837489354	1 Year	0	0	0	0	0	0	0	0
Cluster_91	2030	4734.86744387576	1 Year	0	0	0	0	0	0	0	0
Coachella	2030	3798.189059375146	1 Year	0	0	0	0	0	0	0	0
Fowler	2030	2705.3364781313303	1 Year	0	0	0	0	0	0	0	0
Los Angeles	2030	1192.8686309575285	1 Year	0	0	0	0	0	0	0	0
Lost Hills	2030	1849.7060491790949	1 Year	0	0	0	0	0	0	0	0
Mojave	2030	1244.832793548219	1 Year	0	0	0	0	0	0	0	0
Oakland	2030	765.6116590184342	1 Year	0	0	0	0	0	0	0	0
Orland	2030	9036.606743205684	1 Year	0	0	0	0	0	0	0	0
Santa Nella	2030	2102.987794387394	1 Year	0	0	0	0	0	0	0	0
W. Sacramento	2030	3849.690072041693	1 Year	0	0	0	0	0	0	0	0
Bakersfield	2031	934.2102775557584	1 Year	0	0	0	0	0	0	0	0
Cluster_1	2031	2523.3141281106737	1 Year	0	0	0	0	0	0	0	0
Cluster_10	2031	2639.446423429596	1 Year	0	0	0	0	0	0	0	0
Cluster_100	2031	6414.979448723793	1 Year	0	0	0	0	0	0	0	0
Cluster_104	2031	3698.14446724909	1 Year	0	0	0	0	0	0	0	0
Cluster_109	2031	5530.218865469674	1 Year	0	0	0	0	0	0	0	0
Cluster_118	2031	5111.625995786112	1 Year	0	0	0	0	0	0	0	0
Cluster_119	2031	3061.6038069520264	1 Year	0	0	0	0	0	0	0	0
Cluster_122	2031	2666.0172944385045	1 Year	0	0	0	0	0	0	0	0
Cluster_13	2031	3483.831484485015	1 Year	0	0	0	0	0	0	0	0
Cluster_133	2031	4341.2860002333455	1 Year	0	0	0	0	0	0	0	0
Cluster_141	2031	2653.4621483904043	1 Year	0	0	0	0	0	0	0	0
Cluster_142	2031	5749.446263060502	1 Year	0	0	0	0	0	0	0	0
Cluster_2	2031	3899.468281771217	1 Year	0	0	0	0	0	0	0	0
Cluster_21	2031	5369.868713084	1 Year	0	0	0	0	0	0	0	0
Cluster_22	2031	4305.287222095159	1 Year	0	0	0	0	0	0	0	0
Cluster_26	2031	3147.451326982662	1 Year	0	0	0	0	0	0	0	0
Cluster_33	2031	5685.997241713435	1 Year	0	0	0	0	0	0	0	0
Cluster_36	2031	6005.171622413295	1 Year	0	0	0	0	0	0	0	0
Cluster_40	2031	3064.0929721231955	1 Year	0	0	0	0	0	0	0	0
Cluster_43	2031	2962.090006893646	1 Year	0	0	0	0	0	0	0	0
Cluster_47	2031	4609.511931524854	1 Year	0	0	0	0	0	0	0	0
Cluster_5	2031	2749.6560328854416	1 Year	0	0	0	0	0	0	0	0
Cluster_53	2031	4134.05476241198	1 Year	0	0	0	0	0	0	0	0
Cluster_56	2031	5192.493603728828	1 Year	0	0	0	0	0	0	0	0
Cluster_58	2031	4943.593965937163	1 Year	0	0	0	0	0	0	0	0
Cluster_62	2031	2536.7843813836603	1 Year	0	0	0	0	0	0	0	0
Cluster_65	2031	5683.251710713551	1 Year	0	0	0	0	0	0	0	0
Cluster_70	2031	4597.5063892988965	1 Year	0	0	0	0	0	0	0	0
Cluster_79	2031	3198.3546981447967	1 Year	0	0	0	0	0	0	0	0
Cluster_9	2031	7351.922312844057	1 Year	0	0	0	0	0	0	0	0
Cluster_90	2031	3476.130443496668	1 Year	0	0	0	0	0	0	0	0
Cluster_91	2031	5570.43613189419	1 Year	0	0	0	0	0	0	0	0
Coachella	2031	4468.460801257372	1 Year	0	0	0	0	0	0	0	0
Fowler	2031	3182.750994688578	1 Year	0	0	0	0	0	0	0	0
Los Angeles	2031	1403.375828627174	1 Year	0	0	0	0	0	0	0	0
Lost Hills	2031	2176.1262658065752	1 Year	0	0	0	0	0	0	0	0
Mojave	2031	1464.5101797552518	1 Year	0	0	0	0	0	0	0	0
Oakland	2031	900.7202205654072	1 Year	0	0	0	0	0	0	0	0
Orland	2031	10631.309389068603	1 Year	0	0	0	0	0	0	0	0
Santa Nella	2031	2474.104995260221	1 Year	0	0	0	0	0	0	0	0
W. Sacramento	2031	4529.050269745648	1 Year	0	0	0	0	0	0	0	0
Bakersfield	2032	1106.4762666265087	1 Year	0	0	0	0	0	0	0	0
Cluster_1	2032	2988.606808418657	1 Year	0	0	0	0	0	0	0	0
Cluster_10	2032	3126.153602375416	1 Year	0	0	0	0	0	0	0	0
Cluster_100	2032	7597.885274266892	1 Year	0	0	0	0	0	0	0	0
Cluster_104	2032	4380.072861404618	1 Year	0	0	0	0	0	0	0	0
Cluster_109	2032	6549.977099269448	1 Year	0	0	0	0	0	0	0	0
Cluster_118	2032	6054.196773564029	1 Year	0	0	0	0	0	0	0	0
Cluster_119	2032	3626.155729167298	1 Year	0	0	0	0	0	0	0	0
Cluster_121	2032	2526.39162105315	1 Year	0	0	0	0	0	0	0	0
Cluster_122	2032	3157.6240741324523	1 Year	0	0	0	0	0	0	0	0
Cluster_123	2032	2484.3036536608984	1 Year	0	0	0	0	0	0	0	0
Cluster_127	2032	2682.592734355882	1 Year	0	0	0	0	0	0	0	0
Cluster_13	2032	4126.241112005745	1 Year	0	0	0	0	0	0	0	0
Cluster_130	2032	2296.866341032181	1 Year	0	0	0	0	0	0	0	0
Cluster_132	2032	2986.243651473942	1 Year	0	0	0	0	0	0	0	0
Cluster_133	2032	5141.808050393047	1 Year	0	0	0	0	0	0	0	0
Cluster_136	2032	2977.15766669558	1 Year	0	0	0	0	0	0	0	0
Cluster_138	2032	2641.481726177373	1 Year	0	0	0	0	0	0	0	0
Cluster_141	2032	3142.7537912207727	1 Year	0	0	0	0	0	0	0	0
Cluster_142	2032	6809.629469036989	1 Year	0	0	0	0	0	0	0	0
Cluster_2	2032	4618.520273113975	1 Year	0	0	0	0	0	0	0	0
Cluster_21	2032	6360.058788341742	1 Year	0	0	0	0	0	0	0	0
Cluster_22	2032	5099.171189512357	1 Year	0	0	0	0	0	0	0	0
Cluster_26	2032	3727.833312624383	1 Year	0	0	0	0	0	0	0	0
Cluster_32	2032	2939.2205539333336	1 Year	0	0	0	0	0	0	0	0
Cluster_33	2032	6734.480610211661	1 Year	0	0	0	0	0	0	0	0
Cluster_36	2032	7112.509931494236	1 Year	0	0	0	0	0	0	0	0
Cluster_40	2032	3629.103890038337	1 Year	0	0	0	0	0	0	0	0
Cluster_43	2032	3508.291838551043	1 Year	0	0	0	0	0	0	0	0
Cluster_47	2032	5459.494158326208	1 Year	0	0	0	0	0	0	0	0
Cluster_5	2032	3256.6855823233577	1 Year	0	0	0	0	0	0	0	0
Cluster_51	2032	2218.913362690081	1 Year	0	0	0	0	0	0	0	0
Cluster_53	2032	4896.363901616501	1 Year	0	0	0	0	0	0	0	0
Cluster_56	2032	6149.976161863609	1 Year	0	0	0	0	0	0	0	0
Cluster_58	2032	5855.180066589467	1 Year	0	0	0	0	0	0	0	0
Cluster_62	2032	3004.560941990173	1 Year	0	0	0	0	0	0	0	0
Cluster_65	2032	6731.228810307889	1 Year	0	0	0	0	0	0	0	0
Cluster_70	2032	5445.274824777706	1 Year	0	0	0	0	0	0	0	0
Cluster_79	2032	3788.123135414114	1 Year	0	0	0	0	0	0	0	0
Cluster_9	2032	8707.598009440973	1 Year	0	0	0	0	0	0	0	0
Cluster_90	2032	4117.120018728738	1 Year	0	0	0	0	0	0	0	0
Cluster_91	2032	6597.610326901829	1 Year	0	0	0	0	0	0	0	0
Cluster_94	2032	2446.303217746496	1 Year	0	0	0	0	0	0	0	0
Coachella	2032	5292.433559902746	1 Year	0	0	0	0	0	0	0	0
Fowler	2032	3769.642148894724	1 Year	0	0	0	0	0	0	0	0
Los Angeles	2032	1662.1547469976315	1 Year	0	0	0	0	0	0	0	0
Lost Hills	2032	2577.398391074577	1 Year	0	0	0	0	0	0	0	0
Mojave	2032	1734.5621163275976	1 Year	0	0	0	0	0	0	0	0
Oakland	2032	1066.8107286656711	1 Year	0	0	0	0	0	0	0	0
Orland	2032	12591.695686484123	1 Year	0	0	0	0	0	0	0	0
Santa Nella	2032	2930.323637157948	1 Year	0	0	0	0	0	0	0	0
W. Sacramento	2032	5364.195571625841	1 Year	0	0	0	0	0	0	0	0
Bakersfield	2033	1301.963710014582	1 Year	0	0	0	0	0	0	0	0
Cluster_1	2033	3516.6209393057143	1 Year	0	0	0	0	0	0	0	0
Cluster_10	2033	3678.4689061912086	1 Year	0	0	0	0	0	0	0	0
Cluster_100	2033	8940.246798161814	1 Year	0	0	0	0	0	0	0	0
Cluster_104	2033	5153.925199096464	1 Year	0	0	0	0	0	0	0	0
Cluster_109	2033	7707.198737010029	1 Year	0	0	0	0	0	0	0	0
Cluster_118	2033	7123.826086663295	1 Year	0	0	0	0	0	0	0	0
Cluster_119	2033	4266.809247189124	1 Year	0	0	0	0	0	0	0	0
Cluster_121	2033	2972.7435708355847	1 Year	0	0	0	0	0	0	0	0
Cluster_122	2033	3715.499444848512	1 Year	0	0	0	0	0	0	0	0
Cluster_123	2033	2923.2196833146545	1 Year	0	0	0	0	0	0	0	0
Cluster_126	2033	2359.8093355631686	1 Year	0	0	0	0	0	0	0	0
Cluster_127	2033	3156.541621564745	1 Year	0	0	0	0	0	0	0	0
Cluster_13	2033	4855.247553551988	1 Year	0	0	0	0	0	0	0	0
Cluster_130	2033	2702.6667565995776	1 Year	0	0	0	0	0	0	0	0
Cluster_132	2033	3513.8402700081538	1 Year	0	0	0	0	0	0	0	0
Cluster_133	2033	6050.240468223516	1 Year	0	0	0	0	0	0	0	0
Cluster_135	2033	2045.639218372824	1 Year	0	0	0	0	0	0	0	0
Cluster_136	2033	3503.1490127187044	1 Year	0	0	0	0	0	0	0	0
Cluster_138	2033	3108.1672981879583	1 Year	0	0	0	0	0	0	0	0
Cluster_141	2033	3698.0019446376086	1 Year	0	0	0	0	0	0	0	0
Cluster_142	2033	8012.725364966827	1 Year	0	0	0	0	0	0	0	0
Cluster_143	2033	2153.479457936981	1 Year	0	0	0	0	0	0	0	0
Cluster_146	2033	2195.3845148620085	1 Year	0	0	0	0	0	0	0	0
Cluster_18	2033	2377.03346431542	1 Year	0	0	0	0	0	0	0	0
Cluster_2	2033	5434.5004686763605	1 Year	0	0	0	0	0	0	0	0
Cluster_21	2033	7483.726479942085	1 Year	0	0	0	0	0	0	0	0
Cluster_22	2033	6000.070711085528	1 Year	0	0	0	0	0	0	0	0
Cluster_26	2033	4386.450786529786	1 Year	0	0	0	0	0	0	0	0
Cluster_27	2033	2293.6366791125524	1 Year	0	0	0	0	0	0	0	0
Cluster_32	2033	3458.5093348792816	1 Year	0	0	0	0	0	0	0	0
Cluster_33	2033	7924.299530639725	1 Year	0	0	0	0	0	0	0	0
Cluster_36	2033	8369.117438150697	1 Year	0	0	0	0	0	0	0	0
Cluster_40	2033	4270.278276377686	1 Year	0	0	0	0	0	0	0	0
Cluster_42	2033	2499.8923313856167	1 Year	0	0	0	0	0	0	0	0
Cluster_43	2033	4128.121673915318	1 Year	0	0	0	0	0	0	0	0
Cluster_47	2033	6424.053984319806	1 Year	0	0	0	0	0	0	0	0
Cluster_48	2033	2563.899313431944	1 Year	0	0	0	0	0	0	0	0
Cluster_5	2033	3832.062712054501	1 Year	0	0	0	0	0	0	0	0
Cluster_51	2033	2610.94138304195	1 Year	0	0	0	0	0	0	0	0
Cluster_53	2033	5761.432308318943	1 Year	0	0	0	0	0	0	0	0
Cluster_55	2033	2299.2737296835207	1 Year	0	0	0	0	0	0	0	0
Cluster_56	2033	7236.52736322447	1 Year	0	0	0	0	0	0	0	0
Cluster_58	2033	6889.647968268146	1 Year	0	0	0	0	0	0	0	0
Cluster_62	2033	3535.3937802254472	1 Year	0	0	0	0	0	0	0	0
Cluster_65	2033	7920.473216786787	1 Year	0	0	0	0	0	0	0	0
Cluster_70	2033	6407.322440391452	1 Year	0	0	0	0	0	0	0	0
Cluster_73	2033	2351.9523528550926	1 Year	0	0	0	0	0	0	0	0
Cluster_78	2033	2443.0593541129483	1 Year	0	0	0	0	0	0	0	0
Cluster_79	2033	4457.392354571512	1 Year	0	0	0	0	0	0	0	0
Cluster_9	2033	10246.0187819954	1 Year	0	0	0	0	0	0	0	0
Cluster_90	2033	4844.514984946131	1 Year	0	0	0	0	0	0	0	0
Cluster_91	2033	7763.247597377638	1 Year	0	0	0	0	0	0	0	0
Cluster_94	2033	2878.505494662304	1 Year	0	0	0	0	0	0	0	0
Cluster_98	2033	2232.489998964862	1 Year	0	0	0	0	0	0	0	0
Coachella	2033	6227.477841585344	1 Year	0	0	0	0	0	0	0	0
Fowler	2033	4435.646227248894	1 Year	0	0	0	0	0	0	0	0
Los Angeles	2033	1955.817062048079	1 Year	0	0	0	0	0	0	0	0
Lost Hills	2033	3032.7619964773994	1 Year	0	0	0	0	0	0	0	0
Mojave	2033	2041.0170523674915	1 Year	0	0	0	0	0	0	0	0
Oakland	2033	1255.290236284622	1 Year	0	0	0	0	0	0	0	0
Orland	2033	14816.342045304124	1 Year	0	0	0	0	0	0	0	0
Santa Nella	2033	3448.0405493102166	1 Year	0	0	0	0	0	0	0	0
W. Sacramento	2033	6311.918455305844	1 Year	0	0	0	0	0	0	0	0
Bakersfield	2034	1532.618172259222	1 Year	0	0	0	0	0	0	0	0
Cluster_1	2034	4139.6216461877175	1 Year	0	0	0	0	0	0	0	0
Cluster_10	2034	4330.142421293761	1 Year	0	0	0	0	0	0	0	0
Cluster_100	2034	10524.091110950903	1 Year	0	0	0	0	0	0	0	0
Cluster_101	2034	2334.6266005731204	1 Year	0	0	0	0	0	0	0	0
Cluster_104	2034	6066.988932058253	1 Year	0	0	0	0	0	0	0	0
Cluster_109	2034	9072.5976082871	1 Year	0	0	0	0	0	0	0	0
Cluster_115	2034	2002.9885197379156	1 Year	0	0	0	0	0	0	0	0
Cluster_118	2034	8385.875299329336	1 Year	0	0	0	0	0	0	0	0
Cluster_119	2034	5022.712491527511	1 Year	0	0	0	0	0	0	0	0
Cluster_121	2034	3499.39155990635	1 Year	0	0	0	0	0	0	0	0
Cluster_122	2034	4373.733249546643	1 Year	0	0	0	0	0	0	0	0
Cluster_123	2034	3441.0940748138896	1 Year	0	0	0	0	0	0	0	0
Cluster_126	2034	2777.87056807487	1 Year	0	0	0	0	0	0	0	0
Cluster_127	2034	3715.751071624368	1 Year	0	0	0	0	0	0	0	0
Cluster_128	2034	2231.350272853943	1 Year	0	0	0	0	0	0	0	0
Cluster_129	2034	2034.7160663633465	1 Year	0	0	0	0	0	0	0	0
Cluster_13	2034	5715.397882562767	1 Year	0	0	0	0	0	0	0	0
Cluster_130	2034	3181.4682336107608	1 Year	0	0	0	0	0	0	0	0
Cluster_132	2034	4136.34835656858	1 Year	0	0	0	0	0	0	0	0
Cluster_133	2034	7122.0944307531045	1 Year	0	0	0	0	0	0	0	0
Cluster_135	2034	2408.0424176563474	1 Year	0	0	0	0	0	0	0	0
Cluster_136	2034	4123.763047869058	1 Year	0	0	0	0	0	0	0	0
Cluster_138	2034	3658.8068061984313	1 Year	0	0	0	0	0	0	0	0
Cluster_141	2034	4353.135911398071	1 Year	0	0	0	0	0	0	0	0
Cluster_142	2034	9432.250998403808	1 Year	0	0	0	0	0	0	0	0
Cluster_143	2034	2534.98751573052	1 Year	0	0	0	0	0	0	0	0
Cluster_146	2034	2584.3164265587143	1 Year	0	0	0	0	0	0	0	0
Cluster_18	2034	2798.146104577142	1 Year	0	0	0	0	0	0	0	0
Cluster_2	2034	6397.270608526687	1 Year	0	0	0	0	0	0	0	0
Cluster_21	2034	8809.535251369118	1 Year	0	0	0	0	0	0	0	0
Cluster_22	2034	7063.03665449093	1 Year	0	0	0	0	0	0	0	0
Cluster_26	2034	5163.549594697238	1 Year	0	0	0	0	0	0	0	0
Cluster_27	2034	2699.9748364175384	1 Year	0	0	0	0	0	0	0	0
Cluster_31	2034	2229.2397861066133	1 Year	0	0	0	0	0	0	0	0
Cluster_32	2034	4071.215053685925	1 Year	0	0	0	0	0	0	0	0
Cluster_33	2034	9328.159740295408	1 Year	0	0	0	0	0	0	0	0
Cluster_34	2034	2280.608925285848	1 Year	0	0	0	0	0	0	0	0
Cluster_35	2034	1995.2672480566168	1 Year	0	0	0	0	0	0	0	0
Cluster_36	2034	9851.781100210272	1 Year	0	0	0	0	0	0	0	0
Cluster_40	2034	5026.796090120614	1 Year	0	0	0	0	0	0	0	0
Cluster_41	2034	2014.557226827864	1 Year	0	0	0	0	0	0	0	0
Cluster_42	2034	2942.770513726651	1 Year	0	0	0	0	0	0	0	0
Cluster_43	2034	4859.455179951916	1 Year	0	0	0	0	0	0	0	0
Cluster_47	2034	7562.132339182113	1 Year	0	0	0	0	0	0	0	0
Cluster_48	2034	3018.116902478588	1 Year	0	0	0	0	0	0	0	0
Cluster_5	2034	4510.946737268052	1 Year	0	0	0	0	0	0	0	0
Cluster_51	2034	3073.492893522278	1 Year	0	0	0	0	0	0	0	0
Cluster_53	2034	6782.121334143877	1 Year	0	0	0	0	0	0	0	0
Cluster_55	2034	2706.6105406822235	1 Year	0	0	0	0	0	0	0	0
Cluster_56	2034	8518.54261038099	1 Year	0	0	0	0	0	0	0	0
Cluster_58	2034	8110.210442438772	1 Year	0	0	0	0	0	0	0	0
Cluster_62	2034	4161.720263005687	1 Year	0	0	0	0	0	0	0	0
Cluster_65	2034	9323.655560878828	1 Year	0	0	0	0	0	0	0	0
Cluster_69	2034	2072.502990087656	1 Year	0	0	0	0	0	0	0	0
Cluster_70	2034	7542.436653290637	1 Year	0	0	0	0	0	0	0	0
Cluster_73	2034	2768.621650931558	1 Year	0	0	0	0	0	0	0	0
Cluster_77	2034	2000.736248175775	1 Year	0	0	0	0	0	0	0	0
Cluster_78	2034	2875.869068562169	1 Year	0	0	0	0	0	0	0	0
Cluster_79	2034	5247.05909309032	1 Year	0	0	0	0	0	0	0	0
Cluster_80	2034	2029.2978993237475	1 Year	0	0	0	0	0	0	0	0
Cluster_85	2034	2339.3935978759814	1 Year	0	0	0	0	0	0	0	0
Cluster_9	2034	12061.192226640153	1 Year	0	0	0	0	0	0	0	0
Cluster_90	2034	5702.763943879354	1 Year	0	0	0	0	0	0	0	0
Cluster_91	2034	9138.57602325602	1 Year	0	0	0	0	0	0	0	0
Cluster_94	2034	3388.4583695639703	1 Year	0	0	0	0	0	0	0	0
Cluster_98	2034	2627.995477510044	1 Year	0	0	0	0	0	0	0	0
Coachella	2034	7330.730982700308	1 Year	0	0	0	0	0	0	0	0
Fowler	2034	5221.460445712865	1 Year	0	0	0	0	0	0	0	0
Los Angeles	2034	2302.307466677359	1 Year	0	0	0	0	0	0	0	0
Lost Hills	2034	3570.0427839777217	1 Year	0	0	0	0	0	0	0	0
Mojave	2034	2402.6013937933303	1 Year	0	0	0	0	0	0	0	0
Oakland	2034	1477.676077137232	1 Year	0	0	0	0	0	0	0	0
Orland	2034	17441.1889443425	1 Year	0	0	0	0	0	0	0	0
Santa Nella	2034	4058.891629552656	1 Year	0	0	0	0	0	0	0	0
W. Sacramento	2034	7430.131002892354	1 Year	0	0	0	0	0	0	0	0
Bakersfield	2035	1780.5068592873556	1 Year	0	0	0	0	0	0	0	0
Cluster_1	2035	4809.172218692056	1 Year	0	0	0	0	0	0	0	0
Cluster_10	2035	5030.508199860155	1 Year	0	0	0	0	0	0	0	0
Cluster_100	2035	12226.27837120794	1 Year	0	0	0	0	0	0	0	0
Cluster_101	2035	2712.2337131548065	1 Year	0	0	0	0	0	0	0	0
Cluster_104	2035	7048.275692063973	1 Year	0	0	0	0	0	0	0	0
Cluster_109	2035	10540.017445634876	1 Year	0	0	0	0	0	0	0	0
Cluster_11	2035	2079.4160014853987	1 Year	0	0	0	0	0	0	0	0
Cluster_115	2035	2326.95583480527	1 Year	0	0	0	0	0	0	0	0
Cluster_116	2035	1998.9229925168847	1 Year	0	0	0	0	0	0	0	0
Cluster_118	2035	9742.22331552708	1 Year	0	0	0	0	0	0	0	0
Cluster_119	2035	5835.095919690318	1 Year	0	0	0	0	0	0	0	0
Cluster_120	2035	2129.551324527283	1 Year	0	0	0	0	0	0	0	0
Cluster_121	2035	4065.390055085225	1 Year	0	0	0	0	0	0	0	0
Cluster_122	2035	5081.149494679114	1 Year	0	0	0	0	0	0	0	0
Cluster_123	2035	3997.6634197333046	1 Year	0	0	0	0	0	0	0	0
Cluster_126	2035	3227.168834478113	1 Year	0	0	0	0	0	0	0	0
Cluster_127	2035	4316.7439811046	1 Year	0	0	0	0	0	0	0	0
Cluster_128	2035	2592.2532684267226	1 Year	0	0	0	0	0	0	0	0
Cluster_129	2035	2363.8150574201672	1 Year	0	0	0	0	0	0	0	0
Cluster_13	2035	6639.817612535948	1 Year	0	0	0	0	0	0	0	0
Cluster_130	2035	3696.045182733675	1 Year	0	0	0	0	0	0	0	0
Cluster_132	2035	4805.369500751737	1 Year	0	0	0	0	0	0	0	0
Cluster_133	2035	8274.03603583487	1 Year	0	0	0	0	0	0	0	0
Cluster_134	2035	2091.2937503992985	1 Year	0	0	0	0	0	0	0	0
Cluster_135	2035	2797.523949342064	1 Year	0	0	0	0	0	0	0	0
Cluster_136	2035	4790.748619392412	1 Year	0	0	0	0	0	0	0	0
Cluster_138	2035	4250.589437837961	1 Year	0	0	0	0	0	0	0	0
Cluster_141	2035	5057.22070241996	1 Year	0	0	0	0	0	0	0	0
Cluster_142	2035	10957.841884663152	1 Year	0	0	0	0	0	0	0	0
Cluster_143	2035	2945.0013980407084	1 Year	0	0	0	0	0	0	0	0
Cluster_146	2035	3002.308864231915	1 Year	0	0	0	0	0	0	0	0
Cluster_15	2035	2143.256235956171	1 Year	0	0	0	0	0	0	0	0
Cluster_18	2035	3250.723776257781	1 Year	0	0	0	0	0	0	0	0
Cluster_2	2035	7431.977778528279	1 Year	0	0	0	0	0	0	0	0
Cluster_21	2035	10234.406864088449	1 Year	0	0	0	0	0	0	0	0
Cluster_22	2035	8205.426138319395	1 Year	0	0	0	0	0	0	0	0
Cluster_26	2035	5998.712293797518	1 Year	0	0	0	0	0	0	0	0
Cluster_27	2035	3136.6740934946897	1 Year	0	0	0	0	0	0	0	0
Cluster_31	2035	2589.8014273889016	1 Year	0	0	0	0	0	0	0	0
Cluster_32	2035	4729.701408953206	1 Year	0	0	0	0	0	0	0	0
Cluster_33	2035	10836.914701096835	1 Year	0	0	0	0	0	0	0	0
Cluster_34	2035	2649.479112490005	1 Year	0	0	0	0	0	0	0	0
Cluster_35	2035	2317.985709408213	1 Year	0	0	0	0	0	0	0	0
Cluster_36	2035	11445.227612866296	1 Year	0	0	0	0	0	0	0	0
Cluster_4	2035	2222.5822002620152	1 Year	0	0	0	0	0	0	0	0
Cluster_40	2035	5839.840007576786	1 Year	0	0	0	0	0	0	0	0
Cluster_41	2035	2340.39568740494	1 Year	0	0	0	0	0	0	0	0
Cluster_42	2035	3418.740022686268	1 Year	0	0	0	0	0	0	0	0
Cluster_43	2035	5645.433048434738	1 Year	0	0	0	0	0	0	0	0
Cluster_47	2035	8785.246543765474	1 Year	0	0	0	0	0	0	0	0
Cluster_48	2035	3506.2730850129383	1 Year	0	0	0	0	0	0	0	0
Cluster_5	2035	5240.556162626013	1 Year	0	0	0	0	0	0	0	0
Cluster_51	2035	3570.60569810455	1 Year	0	0	0	0	0	0	0	0
Cluster_52	2035	1934.2972769973624	1 Year	0	0	0	0	0	0	0	0
Cluster_53	2035	7879.075019815083	1 Year	0	0	0	0	0	0	0	0
Cluster_55	2035	3144.383069659352	1 Year	0	0	0	0	0	0	0	0
Cluster_56	2035	9896.348499220076	1 Year	0	0	0	0	0	0	0	0
Cluster_58	2035	9421.971880797842	1 Year	0	0	0	0	0	0	0	0
Cluster_62	2035	4834.845109394609	1 Year	0	0	0	0	0	0	0	0
Cluster_63	2035	1916.6150050391427	1 Year	0	0	0	0	0	0	0	0
Cluster_65	2035	10831.682006814704	1 Year	0	0	0	0	0	0	0	0
Cluster_66	2035	1995.5387779210755	1 Year	0	0	0	0	0	0	0	0
Cluster_68	2035	1921.450425494049	1 Year	0	0	0	0	0	0	0	0
Cluster_69	2035	2407.713712741032	1 Year	0	0	0	0	0	0	0	0
Cluster_70	2035	8762.365238778435	1 Year	0	0	0	0	0	0	0	0
Cluster_73	2035	3216.423979227982	1 Year	0	0	0	0	0	0	0	0
Cluster_74	2035	2220.5451295101284	1 Year	0	0	0	0	0	0	0	0
Cluster_77	2035	2324.3392763969505	1 Year	0	0	0	0	0	0	0	0
Cluster_78	2035	3341.0178057847115	1 Year	0	0	0	0	0	0	0	0
Cluster_79	2035	6095.728783224463	1 Year	0	0	0	0	0	0	0	0
Cluster_80	2035	2357.520545353571	1 Year	0	0	0	0	0	0	0	0
Cluster_82	2035	2224.454108072714	1 Year	0	0	0	0	0	0	0	0
Cluster_85	2035	2717.771734006691	1 Year	0	0	0	0	0	0	0	0
Cluster_9	2035	14011.993254040515	1 Year	0	0	0	0	0	0	0	0
Cluster_90	2035	6625.1402356831895	1 Year	0	0	0	0	0	0	0	0
Cluster_91	2035	10616.667339615908	1 Year	0	0	0	0	0	0	0	0
Cluster_94	2035	3936.514311666316	1 Year	0	0	0	0	0	0	0	0
Cluster_95	2035	2069.011894636954	1 Year	0	0	0	0	0	0	0	0
Cluster_98	2035	3053.0526510626314	1 Year	0	0	0	0	0	0	0	0
Coachella	2035	8516.417875332743	1 Year	0	0	0	0	0	0	0	0
Fowler	2035	6065.989760114192	1 Year	0	0	0	0	0	0	0	0
Los Angeles	2035	2674.687218777278	1 Year	0	0	0	0	0	0	0	0
Lost Hills	2035	4147.468547532363	1 Year	0	0	0	0	0	0	0	0
Mojave	2035	2791.202883544333	1 Year	0	0	0	0	0	0	0	0
Oakland	2035	1716.6783212998944	1 Year	0	0	0	0	0	0	0	0
Orland	2035	20262.16125556693	1 Year	0	0	0	0	0	0	0	0
Santa Nella	2035	4715.384769886577	1 Year	0	0	0	0	0	0	0	0
W. Sacramento	2035	8631.895050906323	1 Year	0	0	0	0	0	0	0	0
Bakersfield	2036	2057.3815120500985	1 Year	0	0	0	0	0	0	0	0
Cluster_1	2036	5557.014262198442	1 Year	0	0	0	0	0	0	0	0
Cluster_10	2036	5812.768713933033	1 Year	0	0	0	0	0	0	0	0
Cluster_100	2036	14127.504733213496	1 Year	0	0	0	0	0	0	0	0
Cluster_101	2036	3133.9949457072653	1 Year	0	0	0	0	0	0	0	0
Cluster_102	2036	1836.980235535606	1 Year	0	0	0	0	0	0	0	0
Cluster_104	2036	8144.305665010763	1 Year	0	0	0	0	0	0	0	0
Cluster_105	2036	2194.625378904667	1 Year	0	0	0	0	0	0	0	0
Cluster_109	2036	12179.024706489485	1 Year	0	0	0	0	0	0	0	0
Cluster_11	2036	2402.772005624018	1 Year	0	0	0	0	0	0	0	0
Cluster_115	2036	2688.8050944109414	1 Year	0	0	0	0	0	0	0	0
Cluster_116	2036	2309.7620699209974	1 Year	0	0	0	0	0	0	0	0
Cluster_118	2036	11257.170974141143	1 Year	0	0	0	0	0	0	0	0
Cluster_119	2036	6742.472461473589	1 Year	0	0	0	0	0	0	0	0
Cluster_12	2036	2077.746762032712	1 Year	0	0	0	0	0	0	0	0
Cluster_120	2036	2460.7035357324257	1 Year	0	0	0	0	0	0	0	0
Cluster_121	2036	4697.571534182334	1 Year	0	0	0	0	0	0	0	0
Cluster_122	2036	5871.284896088324	1 Year	0	0	0	0	0	0	0	0
Cluster_123	2036	4619.313185038895	1 Year	0	0	0	0	0	0	0	0
Cluster_126	2036	3729.004166250159	1 Year	0	0	0	0	0	0	0	0
Cluster_127	2036	4988.011819585364	1 Year	0	0	0	0	0	0	0	0
Cluster_128	2036	2995.357148552185	1 Year	0	0	0	0	0	0	0	0
Cluster_129	2036	2731.396046959577	1 Year	0	0	0	0	0	0	0	0
Cluster_13	2036	7672.331015272655	1 Year	0	0	0	0	0	0	0	0
Cluster_130	2036	4270.792323541875	1 Year	0	0	0	0	0	0	0	0
Cluster_132	2036	5552.620209153859	1 Year	0	0	0	0	0	0	0	0
Cluster_133	2036	9560.675760034035	1 Year	0	0	0	0	0	0	0	0
Cluster_134	2036	2416.496783426902	1 Year	0	0	0	0	0	0	0	0
Cluster_135	2036	3232.548093185889	1 Year	0	0	0	0	0	0	0	0
Cluster_136	2036	5535.725732818849	1 Year	0	0	0	0	0	0	0	0
Cluster_138	2036	4911.570027999468	1 Year	0	0	0	0	0	0	0	0
Cluster_139	2036	2086.317570816155	1 Year	0	0	0	0	0	0	0	0
Cluster_141	2036	5843.635098199102	1 Year	0	0	0	0	0	0	0	0
Cluster_142	2036	12661.822215331174	1 Year	0	0	0	0	0	0	0	0
Cluster_143	2036	3402.9587685586034	1 Year	0	0	0	0	0	0	0	0
Cluster_146	2036	3469.177733584897	1 Year	0	0	0	0	0	0	0	0
Cluster_15	2036	2476.53960581045	1 Year	0	0	0	0	0	0	0	0
Cluster_18	2036	3756.221978684929	1 Year	0	0	0	0	0	0	0	0
Cluster_2	2036	8587.674683618574	1 Year	0	0	0	0	0	0	0	0
Cluster_21	2036	11825.890677782536	1 Year	0	0	0	0	0	0	0	0
Cluster_22	2036	9481.396798565453	1 Year	0	0	0	0	0	0	0	0
Cluster_24	2036	2155.6492305319616	1 Year	0	0	0	0	0	0	0	0
Cluster_26	2036	6931.531718056043	1 Year	0	0	0	0	0	0	0	0
Cluster_27	2036	3624.437196420244	1 Year	0	0	0	0	0	0	0	0
Cluster_3	2036	2086.4349967859066	1 Year	0	0	0	0	0	0	0	0
Cluster_31	2036	2992.524038196341	1 Year	0	0	0	0	0	0	0	0
Cluster_32	2036	5465.185481055862	1 Year	0	0	0	0	0	0	0	0
Cluster_33	2036	12522.0904583453	1 Year	0	0	0	0	0	0	0	0
Cluster_34	2036	3061.4817989421213	1 Year	0	0	0	0	0	0	0	0
Cluster_35	2036	2678.4400851123737	1 Year	0	0	0	0	0	0	0	0
Cluster_36	2036	13224.998021822346	1 Year	0	0	0	0	0	0	0	0
Cluster_38	2036	2089.778304892509	1 Year	0	0	0	0	0	0	0	0
Cluster_4	2036	2568.2010175804176	1 Year	0	0	0	0	0	0	0	0
Cluster_40	2036	6747.95427057657	1 Year	0	0	0	0	0	0	0	0
Cluster_41	2036	2704.3348881429947	1 Year	0	0	0	0	0	0	0	0
Cluster_42	2036	3950.3653021565274	1 Year	0	0	0	0	0	0	0	0
Cluster_43	2036	6523.316392061003	1 Year	0	0	0	0	0	0	0	0
Cluster_44	2036	1894.009508472604	1 Year	0	0	0	0	0	0	0	0
Cluster_45	2036	1950.8946875734264	1 Year	0	0	0	0	0	0	0	0
Cluster_47	2036	10151.381177593126	1 Year	0	0	0	0	0	0	0	0
Cluster_48	2036	4051.510042590776	1 Year	0	0	0	0	0	0	0	0
Cluster_5	2036	6055.479823403979	1 Year	0	0	0	0	0	0	0	0
Cluster_51	2036	4125.846587887507	1 Year	0	0	0	0	0	0	0	0
Cluster_52	2036	2235.0868438080856	1 Year	0	0	0	0	0	0	0	0
Cluster_53	2036	9104.297011420354	1 Year	0	0	0	0	0	0	0	0
Cluster_55	2036	3633.3449436469855	1 Year	0	0	0	0	0	0	0	0
Cluster_56	2036	11435.26312908977	1 Year	0	0	0	0	0	0	0	0
Cluster_58	2036	10887.119391591685	1 Year	0	0	0	0	0	0	0	0
Cluster_62	2036	5586.679371555817	1 Year	0	0	0	0	0	0	0	0
Cluster_63	2036	2214.654920601429	1 Year	0	0	0	0	0	0	0	0
Cluster_65	2036	12516.044062950574	1 Year	0	0	0	0	0	0	0	0
Cluster_66	2036	2305.8515988627646	1 Year	0	0	0	0	0	0	0	0
Cluster_68	2036	2220.2422647866097	1 Year	0	0	0	0	0	0	0	0
Cluster_69	2036	2782.121087073803	1 Year	0	0	0	0	0	0	0	0
Cluster_7	2036	1897.0459513870117	1 Year	0	0	0	0	0	0	0	0
Cluster_70	2036	10124.941754680283	1 Year	0	0	0	0	0	0	0	0
Cluster_72	2036	1783.5701580687648	1 Year	0	0	0	0	0	0	0	0
Cluster_73	2036	3716.588450789157	1 Year	0	0	0	0	0	0	0	0
Cluster_74	2036	2565.847175649504	1 Year	0	0	0	0	0	0	0	0
Cluster_75	2036	1790.613030405823	1 Year	0	0	0	0	0	0	0	0
Cluster_77	2036	2685.781652593575	1 Year	0	0	0	0	0	0	0	0
Cluster_78	2036	3860.557025768975	1 Year	0	0	0	0	0	0	0	0
Cluster_79	2036	7043.6345895894265	1 Year	0	0	0	0	0	0	0	0
Cluster_80	2036	2724.12271763448	1 Year	0	0	0	0	0	0	0	0
Cluster_82	2036	2570.3640131914176	1 Year	0	0	0	0	0	0	0	0
Cluster_85	2036	3140.3941469541373	1 Year	0	0	0	0	0	0	0	0
Cluster_9	2036	16190.904133540953	1 Year	0	0	0	0	0	0	0	0
Cluster_90	2036	7655.371258209804	1 Year	0	0	0	0	0	0	0	0
Cluster_91	2036	12267.59391022751	1 Year	0	0	0	0	0	0	0	0
Cluster_94	2036	4548.655190233006	1 Year	0	0	0	0	0	0	0	0
Cluster_95	2036	2390.7500260580687	1 Year	0	0	0	0	0	0	0	0
Cluster_98	2036	3527.8123455957225	1 Year	0	0	0	0	0	0	0	0
Cluster_99	2036	1963.5515789765373	1 Year	0	0	0	0	0	0	0	0
Coachella	2036	9840.748770052773	1 Year	0	0	0	0	0	0	0	0
Fowler	2036	7009.271050906969	1 Year	0	0	0	0	0	0	0	0
Los Angeles	2036	3090.6098483841697	1 Year	0	0	0	0	0	0	0	0
Lost Hills	2036	4792.413501241802	1 Year	0	0	0	0	0	0	0	0
Mojave	2036	3225.244080937429	1 Year	0	0	0	0	0	0	0	0
Oakland	2036	1983.6274271884708	1 Year	0	0	0	0	0	0	0	0
Orland	2036	23412.993746099	1 Year	0	0	0	0	0	0	0	0
Santa Nella	2036	5448.642557687308	1 Year	0	0	0	0	0	0	0	0
W. Sacramento	2036	9974.183024939011	1 Year	0	0	0	0	0	0	0	0
Bakersfield	2037	2321.3963628876186	1 Year	0	0	0	0	0	0	0	0
Cluster_1	2037	6270.12181320115	1 Year	0	0	0	0	0	0	0	0
Cluster_10	2037	6558.696125049314	1 Year	0	0	0	0	0	0	0	0
Cluster_100	2037	15940.42617388934	1 Year	0	0	0	0	0	0	0	0
Cluster_101	2037	3536.1669314426445	1 Year	0	0	0	0	0	0	0	0
Cluster_102	2037	2072.711945982023	1 Year	0	0	0	0	0	0	0	0
Cluster_104	2037	9189.429106010472	1 Year	0	0	0	0	0	0	0	0
Cluster_105	2037	2476.252140233142	1 Year	0	0	0	0	0	0	0	0
Cluster_108	2037	1662.0155736052309	1 Year	0	0	0	0	0	0	0	0
Cluster_109	2037	13741.906151859444	1 Year	0	0	0	0	0	0	0	0
Cluster_11	2037	2711.109321258429	1 Year	0	0	0	0	0	0	0	0
Cluster_110	2037	1839.475919246336	1 Year	0	0	0	0	0	0	0	0
Cluster_111	2037	1796.4351494971895	1 Year	0	0	0	0	0	0	0	0
Cluster_115	2037	3033.8477963960954	1 Year	0	0	0	0	0	0	0	0
Cluster_116	2037	2606.163823698157	1 Year	0	0	0	0	0	0	0	0
Cluster_118	2037	12701.754926209804	1 Year	0	0	0	0	0	0	0	0
Cluster_119	2037	7607.704724311523	1 Year	0	0	0	0	0	0	0	0
Cluster_12	2037	2344.374997118577	1 Year	0	0	0	0	0	0	0	0
Cluster_120	2037	2776.474953496548	1 Year	0	0	0	0	0	0	0	0
Cluster_121	2037	5300.390525522395	1 Year	0	0	0	0	0	0	0	0
Cluster_122	2037	6624.721435197068	1 Year	0	0	0	0	0	0	0	0
Cluster_123	2037	5212.089621677806	1 Year	0	0	0	0	0	0	0	0
Cluster_126	2037	4207.531105934767	1 Year	0	0	0	0	0	0	0	0
Cluster_127	2037	5628.101753713026	1 Year	0	0	0	0	0	0	0	0
Cluster_128	2037	3379.7383467637337	1 Year	0	0	0	0	0	0	0	0
Cluster_129	2037	3081.9042612565195	1 Year	0	0	0	0	0	0	0	0
Cluster_13	2037	8656.88799544832	1 Year	0	0	0	0	0	0	0	0
Cluster_130	2037	4818.844588838248	1 Year	0	0	0	0	0	0	0	0
Cluster_131	2037	1931.5793579982665	1 Year	0	0	0	0	0	0	0	0
Cluster_132	2037	6265.1638903772655	1 Year	0	0	0	0	0	0	0	0
Cluster_133	2037	10787.555835463534	1 Year	0	0	0	0	0	0	0	0
Cluster_134	2037	2726.595340300813	1 Year	0	0	0	0	0	0	0	0
Cluster_135	2037	3647.3669771162513	1 Year	0	0	0	0	0	0	0	0
Cluster_136	2037	6246.101419130547	1 Year	0	0	0	0	0	0	0	0
Cluster_137	2037	1739.4823149166325	1 Year	0	0	0	0	0	0	0	0
Cluster_138	2037	5541.850518382691	1 Year	0	0	0	0	0	0	0	0
Cluster_139	2037	2354.0456606393477	1 Year	0	0	0	0	0	0	0	0
Cluster_14	2037	1683.1491353920765	1 Year	0	0	0	0	0	0	0	0
Cluster_141	2037	6593.523458604647	1 Year	0	0	0	0	0	0	0	0
Cluster_142	2037	14286.658972117611	1 Year	0	0	0	0	0	0	0	0
Cluster_143	2037	3839.645715741277	1 Year	0	0	0	0	0	0	0	0
Cluster_146	2037	3914.362273494848	1 Year	0	0	0	0	0	0	0	0
Cluster_15	2037	2794.3431977994383	1 Year	0	0	0	0	0	0	0	0
Cluster_17	2037	1656.6433528618902	1 Year	0	0	0	0	0	0	0	0
Cluster_18	2037	4238.241662251993	1 Year	0	0	0	0	0	0	0	0
Cluster_2	2037	9689.693748802774	1 Year	0	0	0	0	0	0	0	0
Cluster_21	2037	13343.455964059662	1 Year	0	0	0	0	0	0	0	0
Cluster_22	2037	10698.103348538396	1 Year	0	0	0	0	0	0	0	0
Cluster_24	2037	2432.2743516986243	1 Year	0	0	0	0	0	0	0	0
Cluster_26	2037	7821.025135732649	1 Year	0	0	0	0	0	0	0	0
Cluster_27	2037	4089.5455101570246	1 Year	0	0	0	0	0	0	0	0
Cluster_3	2037	2354.178155374764	1 Year	0	0	0	0	0	0	0	0
Cluster_30	2037	1940.282232945833	1 Year	0	0	0	0	0	0	0	0
Cluster_31	2037	3376.541675637258	1 Year	0	0	0	0	0	0	0	0
Cluster_32	2037	6166.509042645836	1 Year	0	0	0	0	0	0	0	0
Cluster_33	2037	14128.99604448506	1 Year	0	0	0	0	0	0	0	0
Cluster_34	2037	3454.3484868925107	1 Year	0	0	0	0	0	0	0	0
Cluster_35	2037	3022.152690385828	1 Year	0	0	0	0	0	0	0	0
Cluster_36	2037	14922.104688528363	1 Year	0	0	0	0	0	0	0	0
Cluster_38	2037	2357.9504957176814	1 Year	0	0	0	0	0	0	0	0
Cluster_4	2037	2897.7671211960846	1 Year	0	0	0	0	0	0	0	0
Cluster_40	2037	7613.889990213432	1 Year	0	0	0	0	0	0	0	0
Cluster_41	2037	3051.3704612372217	1 Year	0	0	0	0	0	0	0	0
Cluster_42	2037	4457.298556827074	1 Year	0	0	0	0	0	0	0	0
Cluster_43	2037	7360.425306537336	1 Year	0	0	0	0	0	0	0	0
Cluster_44	2037	2137.059538297147	1 Year	0	0	0	0	0	0	0	0
Cluster_45	2037	2201.244545838735	1 Year	0	0	0	0	0	0	0	0
Cluster_47	2037	11454.063918591622	1 Year	0	0	0	0	0	0	0	0
Cluster_48	2037	4571.422763345929	1 Year	0	0	0	0	0	0	0	0
Cluster_5	2037	6832.553299063113	1 Year	0	0	0	0	0	0	0	0
Cluster_51	2037	4655.298595256904	1 Year	0	0	0	0	0	0	0	0
Cluster_52	2037	2521.9058495300173	1 Year	0	0	0	0	0	0	0	0
Cluster_53	2037	10272.611980409973	1 Year	0	0	0	0	0	0	0	0
Cluster_55	2037	4099.596349970918	1 Year	0	0	0	0	0	0	0	0
Cluster_56	2037	12902.700875386048	1 Year	0	0	0	0	0	0	0	0
Cluster_57	2037	1980.38832686811	1 Year	0	0	0	0	0	0	0	0
Cluster_58	2037	12284.216228219308	1 Year	0	0	0	0	0	0	0	0
Cluster_62	2037	6303.593717446198	1 Year	0	0	0	0	0	0	0	0
Cluster_63	2037	2498.8519861891987	1 Year	0	0	0	0	0	0	0	0
Cluster_65	2037	14122.173741380024	1 Year	0	0	0	0	0	0	0	0
Cluster_66	2037	2601.7515388406377	1 Year	0	0	0	0	0	0	0	0
Cluster_68	2037	2505.15633003292	1 Year	0	0	0	0	0	0	0	0
Cluster_69	2037	3139.1386258791304	1 Year	0	0	0	0	0	0	0	0
Cluster_7	2037	2140.485634767994	1 Year	0	0	0	0	0	0	0	0
Cluster_70	2037	11424.231639149411	1 Year	0	0	0	0	0	0	0	0
Cluster_71	2037	1728.0061076730335	1 Year	0	0	0	0	0	0	0	0
Cluster_72	2037	2012.447984802784	1 Year	0	0	0	0	0	0	0	0
Cluster_73	2037	4193.522135529906	1 Year	0	0	0	0	0	0	0	0
Cluster_74	2037	2895.111220933916	1 Year	0	0	0	0	0	0	0	0
Cluster_75	2037	2020.394638416502	1 Year	0	0	0	0	0	0	0	0
Cluster_77	2037	3030.436369396714	1 Year	0	0	0	0	0	0	0	0
Cluster_78	2037	4355.965573643258	1 Year	0	0	0	0	0	0	0	0
Cluster_79	2037	7947.513682811863	1 Year	0	0	0	0	0	0	0	0
Cluster_80	2037	3073.697577108502	1 Year	0	0	0	0	0	0	0	0
Cluster_81	2037	1793.8857178588796	1 Year	0	0	0	0	0	0	0	0
Cluster_82	2037	2900.2076846574105	1 Year	0	0	0	0	0	0	0	0
Cluster_85	2037	3543.387314445441	1 Year	0	0	0	0	0	0	0	0
Cluster_9	2037	18268.612674569828	1 Year	0	0	0	0	0	0	0	0
Cluster_90	2037	8637.751866280943	1 Year	0	0	0	0	0	0	0	0
Cluster_91	2037	13841.841057571914	1 Year	0	0	0	0	0	0	0	0
Cluster_93	2037	1859.9662257048724	1 Year	0	0	0	0	0	0	0	0
Cluster_94	2037	5132.364392695906	1 Year	0	0	0	0	0	0	0	0
Cluster_95	2037	2697.544613169216	1 Year	0	0	0	0	0	0	0	0
Cluster_98	2037	3980.521211088111	1 Year	0	0	0	0	0	0	0	0
Cluster_99	2037	2215.5256412488748	1 Year	0	0	0	0	0	0	0	0
Coachella	2037	11103.569400761213	1 Year	0	0	0	0	0	0	0	0
Fowler	2037	7908.740420173805	1 Year	0	0	0	0	0	0	0	0
Los Angeles	2037	3487.2144126514154	1 Year	0	0	0	0	0	0	0	0
Lost Hills	2037	5407.403151081361	1 Year	0	0	0	0	0	0	0	0
Mojave	2037	3639.125672638324	1 Year	0	0	0	0	0	0	0	0
Oakland	2037	2238.177736034458	1 Year	0	0	0	0	0	0	0	0
Orland	2037	26417.481739857925	1 Year	0	0	0	0	0	0	0	0
Santa Nella	2037	6147.843237633802	1 Year	0	0	0	0	0	0	0	0
W. Sacramento	2037	11254.12669514891	1 Year	0	0	0	0	0	0	0	0
Bakersfield	2038	2568.181640065494	1 Year	0	0	0	0	0	0	0	0
Cluster_1	2038	6936.69206132762	1 Year	0	0	0	0	0	0	0	0
Cluster_10	2038	7255.944413632124	1 Year	0	0	0	0	0	0	0	0
Cluster_100	2038	17635.036605157246	1 Year	0	0	0	0	0	0	0	0
Cluster_101	2038	3912.0932274749935	1 Year	0	0	0	0	0	0	0	0
Cluster_102	2038	2293.059836707063	1 Year	0	0	0	0	0	0	0	0
Cluster_103	2038	1737.8185407130056	1 Year	0	0	0	0	0	0	0	0
Cluster_104	2038	10166.347931803866	1 Year	0	0	0	0	0	0	0	0
Cluster_105	2038	2739.499976991869	1 Year	0	0	0	0	0	0	0	0
Cluster_106	2038	1427.6874231646498	1 Year	0	0	0	0	0	0	0	0
Cluster_108	2038	1838.702752306548	1 Year	0	0	0	0	0	0	0	0
Cluster_109	2038	15202.79416428852	1 Year	0	0	0	0	0	0	0	0
Cluster_11	2038	2999.324585141253	1 Year	0	0	0	0	0	0	0	0
Cluster_110	2038	2035.0287261045971	1 Year	0	0	0	0	0	0	0	0
Cluster_111	2038	1987.412336068324	1 Year	0	0	0	0	0	0	0	0
Cluster_115	2038	3356.3730580527326	1 Year	0	0	0	0	0	0	0	0
Cluster_116	2038	2883.22243888538	1 Year	0	0	0	0	0	0	0	0
Cluster_118	2038	14052.0655238412	1 Year	0	0	0	0	0	0	0	0
Cluster_119	2038	8416.472046037328	1 Year	0	0	0	0	0	0	0	0
Cluster_12	2038	2593.603109440211	1 Year	0	0	0	0	0	0	0	0
Cluster_120	2038	3071.639171003873	1 Year	0	0	0	0	0	0	0	0
Cluster_121	2038	5863.869630557657	1 Year	0	0	0	0	0	0	0	0
Cluster_122	2038	7328.988807089417	1 Year	0	0	0	0	0	0	0	0
Cluster_123	2038	5766.181547781143	1 Year	0	0	0	0	0	0	0	0
Cluster_126	2038	4654.829441890207	1 Year	0	0	0	0	0	0	0	0
Cluster_127	2038	6226.419504821948	1 Year	0	0	0	0	0	0	0	0
Cluster_128	2038	3739.0348796734647	1 Year	0	0	0	0	0	0	0	0
Cluster_129	2038	3409.5383566265077	1 Year	0	0	0	0	0	0	0	0
Cluster_13	2038	9577.192919505773	1 Year	0	0	0	0	0	0	0	0
Cluster_130	2038	5331.131037006135	1 Year	0	0	0	0	0	0	0	0
Cluster_131	2038	2136.9235873920384	1 Year	0	0	0	0	0	0	0	0
Cluster_132	2038	6931.2070667904	1 Year	0	0	0	0	0	0	0	0
Cluster_133	2038	11934.36988216735	1 Year	0	0	0	0	0	0	0	0
Cluster_134	2038	3016.4569070567068	1 Year	0	0	0	0	0	0	0	0
Cluster_135	2038	4035.114836468195	1 Year	0	0	0	0	0	0	0	0
Cluster_136	2038	6910.11808368835	1 Year	0	0	0	0	0	0	0	0
Cluster_137	2038	1924.40490379272	1 Year	0	0	0	0	0	0	0	0
Cluster_138	2038	6130.998988726716	1 Year	0	0	0	0	0	0	0	0
Cluster_139	2038	2604.301851326064	1 Year	0	0	0	0	0	0	0	0
Cluster_14	2038	1862.0830014694495	1 Year	0	0	0	0	0	0	0	0
Cluster_140	2038	1724.368269688523	1 Year	0	0	0	0	0	0	0	0
Cluster_141	2038	7294.474205458791	1 Year	0	0	0	0	0	0	0	0
Cluster_142	2038	15805.45910067218	1 Year	0	0	0	0	0	0	0	0
Cluster_143	2038	4247.834531478611	1 Year	0	0	0	0	0	0	0	0
Cluster_145	2038	1612.8718407447675	1 Year	0	0	0	0	0	0	0	0
Cluster_146	2038	4330.494130200875	1 Year	0	0	0	0	0	0	0	0
Cluster_15	2038	3091.4069701150097	1 Year	0	0	0	0	0	0	0	0
Cluster_17	2038	1832.7594162610549	1 Year	0	0	0	0	0	0	0	0
Cluster_18	2038	4688.804806093841	1 Year	0	0	0	0	0	0	0	0
Cluster_19	2038	1478.8552420284573	1 Year	0	0	0	0	0	0	0	0
Cluster_2	2038	10719.79519799798	1 Year	0	0	0	0	0	0	0	0
Cluster_21	2038	14761.985143843964	1 Year	0	0	0	0	0	0	0	0
Cluster_22	2038	11835.407792688771	1 Year	0	0	0	0	0	0	0	0
Cluster_23	2038	1727.196723828295	1 Year	0	0	0	0	0	0	0	0
Cluster_24	2038	2690.846954659853	1 Year	0	0	0	0	0	0	0	0
Cluster_26	2038	8652.470332595116	1 Year	0	0	0	0	0	0	0	0
Cluster_27	2038	4524.300917889389	1 Year	0	0	0	0	0	0	0	0
Cluster_28	2038	1572.695725732886	1 Year	0	0	0	0	0	0	0	0
Cluster_3	2038	2604.448431441525	1 Year	0	0	0	0	0	0	0	0
Cluster_30	2038	2146.5516560895894	1 Year	0	0	0	0	0	0	0	0
Cluster_31	2038	3735.4983737033554	1 Year	0	0	0	0	0	0	0	0
Cluster_32	2038	6822.06432292388	1 Year	0	0	0	0	0	0	0	0
Cluster_33	2038	15631.03518817788	1 Year	0	0	0	0	0	0	0	0
Cluster_34	2038	3821.576747621896	1 Year	0	0	0	0	0	0	0	0
Cluster_35	2038	3343.434657263292	1 Year	0	0	0	0	0	0	0	0
Cluster_36	2038	16508.458402400367	1 Year	0	0	0	0	0	0	0	0
Cluster_38	2038	2608.621805434714	1 Year	0	0	0	0	0	0	0	0
Cluster_4	2038	3205.825785211459	1 Year	0	0	0	0	0	0	0	0
Cluster_40	2038	8423.314861242074	1 Year	0	0	0	0	0	0	0	0
Cluster_41	2038	3375.758539502365	1 Year	0	0	0	0	0	0	0	0
Cluster_42	2038	4931.149415472692	1 Year	0	0	0	0	0	0	0	0
Cluster_43	2038	8142.904605833454	1 Year	0	0	0	0	0	0	0	0
Cluster_44	2038	2364.2481558619	1 Year	0	0	0	0	0	0	0	0
Cluster_45	2038	2435.256606021926	1 Year	0	0	0	0	0	0	0	0
Cluster_47	2038	12671.733759103725	1 Year	0	0	0	0	0	0	0	0
Cluster_48	2038	5057.406049865012	1 Year	0	0	0	0	0	0	0	0
Cluster_49	2038	1692.8150115221229	1 Year	0	0	0	0	0	0	0	0
Cluster_5	2038	7558.915064205382	1 Year	0	0	0	0	0	0	0	0
Cluster_51	2038	5150.198635828676	1 Year	0	0	0	0	0	0	0	0
Cluster_52	2038	2790.0070855113627	1 Year	0	0	0	0	0	0	0	0
Cluster_53	2038	11364.682871644054	1 Year	0	0	0	0	0	0	0	0
Cluster_55	2038	4535.420252221925	1 Year	0	0	0	0	0	0	0	0
Cluster_56	2038	14274.373831707257	1 Year	0	0	0	0	0	0	0	0
Cluster_57	2038	2190.9213879081626	1 Year	0	0	0	0	0	0	0	0
Cluster_58	2038	13590.138713177046	1 Year	0	0	0	0	0	0	0	0
Cluster_62	2038	6973.722329537929	1 Year	0	0	0	0	0	0	0	0
Cluster_63	2038	2764.502389496925	1 Year	0	0	0	0	0	0	0	0
Cluster_65	2038	15623.487612995365	1 Year	0	0	0	0	0	0	0	0
Cluster_66	2038	2878.3410885296294	1 Year	0	0	0	0	0	0	0	0
Cluster_68	2038	2771.476941697897	1 Year	0	0	0	0	0	0	0	0
Cluster_69	2038	3472.857248115491	1 Year	0	0	0	0	0	0	0	0
Cluster_7	2038	2368.0384771504955	1 Year	0	0	0	0	0	0	0	0
Cluster_70	2038	12638.73004049296	1 Year	0	0	0	0	0	0	0	0
Cluster_71	2038	1911.7086726743364	1 Year	0	0	0	0	0	0	0	0
Cluster_72	2038	2226.389275344753	1 Year	0	0	0	0	0	0	0	0
Cluster_73	2038	4639.331192144855	1 Year	0	0	0	0	0	0	0	0
Cluster_74	2038	3202.8875389041104	1 Year	0	0	0	0	0	0	0	0
Cluster_75	2038	2235.180729590561	1 Year	0	0	0	0	0	0	0	0
Cluster_77	2038	3352.598965732136	1 Year	0	0	0	0	0	0	0	0
Cluster_78	2038	4819.043826308236	1 Year	0	0	0	0	0	0	0	0
Cluster_79	2038	8792.405747968696	1 Year	0	0	0	0	0	0	0	0
Cluster_80	2038	3400.459228265792	1 Year	0	0	0	0	0	0	0	0
Cluster_81	2038	1984.5918769555317	1 Year	0	0	0	0	0	0	0	0
Cluster_82	2038	3208.525802482527	1 Year	0	0	0	0	0	0	0	0
Cluster_83	2038	1547.6421474495166	1 Year	0	0	0	0	0	0	0	0
Cluster_85	2038	3920.08120202276	1 Year	0	0	0	0	0	0	0	0
Cluster_86	2038	1668.6081366417804	1 Year	0	0	0	0	0	0	0	0
Cluster_88	2038	1742.8869210789564	1 Year	0	0	0	0	0	0	0	0
Cluster_9	2038	20210.7302356316	1 Year	0	0	0	0	0	0	0	0
Cluster_90	2038	9556.022447984722	1 Year	0	0	0	0	0	0	0	0
Cluster_91	2038	15313.353047793096	1 Year	0	0	0	0	0	0	0	0
Cluster_93	2038	2057.6973361220057	1 Year	0	0	0	0	0	0	0	0
Cluster_94	2038	5677.980811106152	1 Year	0	0	0	0	0	0	0	0
Cluster_95	2038	2984.31782678473	1 Year	0	0	0	0	0	0	0	0
Cluster_98	2038	4403.686356900975	1 Year	0	0	0	0	0	0	0	0
Cluster_99	2038	2451.0559101040267	1 Year	0	0	0	0	0	0	0	0
Coachella	2038	12283.978526939927	1 Year	0	0	0	0	0	0	0	0
Fowler	2038	8749.510539367338	1 Year	0	0	0	0	0	0	0	0
Los Angeles	2038	3857.936616391908	1 Year	0	0	0	0	0	0	0	0
Lost Hills	2038	5982.2586590792125	1 Year	0	0	0	0	0	0	0	0
Mojave	2038	4025.997407325645	1 Year	0	0	0	0	0	0	0	0
Oakland	2038	2476.1161259583305	1 Year	0	0	0	0	0	0	0	0
Orland	2038	29225.897251202427	1 Year	0	0	0	0	0	0	0	0
Santa Nella	2038	6801.414175238925	1 Year	0	0	0	0	0	0	0	0
W. Sacramento	2038	12450.541413574014	1 Year	0	0	0	0	0	0	0	0
Bakersfield	2039	2808.399339710264	1 Year	0	0	0	0	0	0	0	0
Cluster_1	2039	7585.523196992061	1 Year	0	0	0	0	0	0	0	0
Cluster_10	2039	7934.637169861227	1 Year	0	0	0	0	0	0	0	0
Cluster_100	2039	19284.54918649248	1 Year	0	0	0	0	0	0	0	0
Cluster_101	2039	4278.015178336678	1 Year	0	0	0	0	0	0	0	0
Cluster_102	2039	2507.543715311356	1 Year	0	0	0	0	0	0	0	0
Cluster_103	2039	1900.3673128627288	1 Year	0	0	0	0	0	0	0	0
Cluster_104	2039	11117.268488148942	1 Year	0	0	0	0	0	0	0	0
Cluster_105	2039	2995.742126060852	1 Year	0	0	0	0	0	0	0	0
Cluster_106	2039	1561.227739493535	1 Year	0	0	0	0	0	0	0	0
Cluster_107	2039	1335.6827547490511	1 Year	0	0	0	0	0	0	0	0
Cluster_108	2039	2010.6878403544176	1 Year	0	0	0	0	0	0	0	0
Cluster_109	2039	16624.804268770535	1 Year	0	0	0	0	0	0	0	0
Cluster_11	2039	3279.869715240486	1 Year	0	0	0	0	0	0	0	0
Cluster_110	2039	2225.3773804479897	1 Year	0	0	0	0	0	0	0	0
Cluster_111	2039	2173.3071389000256	1 Year	0	0	0	0	0	0	0	0
Cluster_113	2039	1234.4476760111556	1 Year	0	0	0	0	0	0	0	0
Cluster_115	2039	3670.3151105060583	1 Year	0	0	0	0	0	0	0	0
Cluster_116	2039	3152.907826798817	1 Year	0	0	0	0	0	0	0	0
Cluster_118	2039	15366.440956923352	1 Year	0	0	0	0	0	0	0	0
Cluster_119	2039	9203.71603317682	1 Year	0	0	0	0	0	0	0	0
Cluster_12	2039	2836.198634235475	1 Year	0	0	0	0	0	0	0	0
Cluster_120	2039	3358.948325576951	1 Year	0	0	0	0	0	0	0	0
Cluster_121	2039	6412.3531379911365	1 Year	0	0	0	0	0	0	0	0
Cluster_122	2039	8014.513851149925	1 Year	0	0	0	0	0	0	0	0
Cluster_123	2039	6305.52769274727	1 Year	0	0	0	0	0	0	0	0
Cluster_125	2039	1365.076920508964	1 Year	0	0	0	0	0	0	0	0
Cluster_126	2039	5090.224043006155	1 Year	0	0	0	0	0	0	0	0
Cluster_127	2039	6808.814514247183	1 Year	0	0	0	0	0	0	0	0
Cluster_128	2039	4088.769627276369	1 Year	0	0	0	0	0	0	0	0
Cluster_129	2039	3728.4532838660543	1 Year	0	0	0	0	0	0	0	0
Cluster_13	2039	10473.006212571438	1 Year	0	0	0	0	0	0	0	0
Cluster_130	2039	5829.7842530542775	1 Year	0	0	0	0	0	0	0	0
Cluster_131	2039	2336.803089866354	1 Year	0	0	0	0	0	0	0	0
Cluster_132	2039	7579.525157446753	1 Year	0	0	0	0	0	0	0	0
Cluster_133	2039	13050.664319865671	1 Year	0	0	0	0	0	0	0	0
Cluster_134	2039	3298.60452776482	1 Year	0	0	0	0	0	0	0	0
Cluster_135	2039	4412.543749087535	1 Year	0	0	0	0	0	0	0	0
Cluster_136	2039	7556.463593071794	1 Year	0	0	0	0	0	0	0	0
Cluster_137	2039	2104.406237017115	1 Year	0	0	0	0	0	0	0	0
Cluster_138	2039	6704.468735032816	1 Year	0	0	0	0	0	0	0	0
Cluster_139	2039	2847.898094732823	1 Year	0	0	0	0	0	0	0	0
Cluster_14	2039	2036.254986886032	1 Year	0	0	0	0	0	0	0	0
Cluster_140	2039	1885.6589559167933	1 Year	0	0	0	0	0	0	0	0
Cluster_141	2039	7976.770888223308	1 Year	0	0	0	0	0	0	0	0
Cluster_142	2039	17283.840134069855	1 Year	0	0	0	0	0	0	0	0
Cluster_143	2039	4645.160415171709	1 Year	0	0	0	0	0	0	0	0
Cluster_144	2039	1168.477601869186	1 Year	0	0	0	0	0	0	0	0
Cluster_145	2039	1763.7335856311822	1 Year	0	0	0	0	0	0	0	0
Cluster_146	2039	4735.551670545064	1 Year	0	0	0	0	0	0	0	0
Cluster_15	2039	3380.5651275605637	1 Year	0	0	0	0	0	0	0	0
Cluster_16	2039	1510.0454147200212	1 Year	0	0	0	0	0	0	0	0
Cluster_17	2039	2004.188587822804	1 Year	0	0	0	0	0	0	0	0
Cluster_18	2039	5127.377330338847	1 Year	0	0	0	0	0	0	0	0
Cluster_19	2039	1617.1815966778215	1 Year	0	0	0	0	0	0	0	0
Cluster_2	2039	11722.483054243405	1 Year	0	0	0	0	0	0	0	0
Cluster_21	2039	16142.763690860613	1 Year	0	0	0	0	0	0	0	0
Cluster_22	2039	12942.445702299005	1 Year	0	0	0	0	0	0	0	0
Cluster_23	2039	1888.751972631271	1 Year	0	0	0	0	0	0	0	0
Cluster_24	2039	2942.538289673073	1 Year	0	0	0	0	0	0	0	0
Cluster_25	2039	1039.7326093713857	1 Year	0	0	0	0	0	0	0	0
Cluster_26	2039	9461.788679519988	1 Year	0	0	0	0	0	0	0	0
Cluster_27	2039	4947.486389680394	1 Year	0	0	0	0	0	0	0	0
Cluster_28	2039	1719.799553430635	1 Year	0	0	0	0	0	0	0	0
Cluster_3	2039	2848.0583853809035	1 Year	0	0	0	0	0	0	0	0
Cluster_30	2039	2347.3317305789324	1 Year	0	0	0	0	0	0	0	0
Cluster_31	2039	4084.902330323385	1 Year	0	0	0	0	0	0	0	0
Cluster_32	2039	7460.17362676566	1 Year	0	0	0	0	0	0	0	0
Cluster_33	2039	17093.10128871849	1 Year	0	0	0	0	0	0	0	0
Cluster_34	2039	4179.032139798231	1 Year	0	0	0	0	0	0	0	0
Cluster_35	2039	3656.1665021416425	1 Year	0	0	0	0	0	0	0	0
Cluster_36	2039	18052.595250137067	1 Year	0	0	0	0	0	0	0	0
Cluster_38	2039	2852.6221205092875	1 Year	0	0	0	0	0	0	0	0
Cluster_39	2039	1262.805393074395	1 Year	0	0	0	0	0	0	0	0
Cluster_4	2039	3505.686232607909	1 Year	0	0	0	0	0	0	0	0
Cluster_40	2039	9211.198898642004	1 Year	0	0	0	0	0	0	0	0
Cluster_41	2039	3691.513834324412	1 Year	0	0	0	0	0	0	0	0
Cluster_42	2039	5392.389909801314	1 Year	0	0	0	0	0	0	0	0
Cluster_43	2039	8904.56016100292	1 Year	0	0	0	0	0	0	0	0
Cluster_44	2039	2585.3907123424656	1 Year	0	0	0	0	0	0	0	0
Cluster_45	2039	2663.0410161341324	1 Year	0	0	0	0	0	0	0	0
Cluster_47	2039	13856.998339550317	1 Year	0	0	0	0	0	0	0	0
Cluster_48	2039	5530.4560976167495	1 Year	0	0	0	0	0	0	0	0
Cluster_49	2039	1851.154328978504	1 Year	0	0	0	0	0	0	0	0
Cluster_5	2039	8265.946514086516	1 Year	0	0	0	0	0	0	0	0
Cluster_51	2039	5631.928140358911	1 Year	0	0	0	0	0	0	0	0
Cluster_52	2039	3050.9734726307165	1 Year	0	0	0	0	0	0	0	0
Cluster_53	2039	12427.691007061232	1 Year	0	0	0	0	0	0	0	0
Cluster_55	2039	4959.645783202385	1 Year	0	0	0	0	0	0	0	0
Cluster_56	2039	15609.54311733254	1 Year	0	0	0	0	0	0	0	0
Cluster_57	2039	2395.851634155232	1 Year	0	0	0	0	0	0	0	0
Cluster_58	2039	14861.30731301544	1 Year	0	0	0	0	0	0	0	0
Cluster_59	2039	1420.498289529049	1 Year	0	0	0	0	0	0	0	0
Cluster_62	2039	7626.017132143966	1 Year	0	0	0	0	0	0	0	0
Cluster_63	2039	3023.0831667703287	1 Year	0	0	0	0	0	0	0	0
Cluster_64	2039	1071.8381924779426	1 Year	0	0	0	0	0	0	0	0
Cluster_65	2039	17084.847742774422	1 Year	0	0	0	0	0	0	0	0
Cluster_66	2039	3147.569893958663	1 Year	0	0	0	0	0	0	0	0
Cluster_68	2039	3030.7100913968457	1 Year	0	0	0	0	0	0	0	0
Cluster_69	2039	3797.6947776430734	1 Year	0	0	0	0	0	0	0	0
Cluster_7	2039	2589.5355655094363	1 Year	0	0	0	0	0	0	0	0
Cluster_70	2039	13820.9075817517	1 Year	0	0	0	0	0	0	0	0
Cluster_71	2039	2090.52244993079	1 Year	0	0	0	0	0	0	0	0
Cluster_72	2039	2434.637049526125	1 Year	0	0	0	0	0	0	0	0
Cluster_73	2039	5073.276147392976	1 Year	0	0	0	0	0	0	0	0
Cluster_74	2039	3502.473154194477	1 Year	0	0	0	0	0	0	0	0
Cluster_75	2039	2444.250822132329	1 Year	0	0	0	0	0	0	0	0
Cluster_77	2039	3666.188004301492	1 Year	0	0	0	0	0	0	0	0
Cluster_78	2039	5269.79840082251	1 Year	0	0	0	0	0	0	0	0
Cluster_79	2039	9614.813108168744	1 Year	0	0	0	0	0	0	0	0
Cluster_80	2039	3718.52492922961	1 Year	0	0	0	0	0	0	0	0
Cluster_81	2039	2170.2228650361862	1 Year	0	0	0	0	0	0	0	0
Cluster_82	2039	3508.63879896964	1 Year	0	0	0	0	0	0	0	0
Cluster_83	2039	1692.402561095389	1 Year	0	0	0	0	0	0	0	0
Cluster_85	2039	4286.75031688591	1 Year	0	0	0	0	0	0	0	0
Cluster_86	2039	1824.6832373820891	1 Year	0	0	0	0	0	0	0	0
Cluster_87	2039	1321.6807953345508	1 Year	0	0	0	0	0	0	0	0
Cluster_88	2039	1905.90976977118	1 Year	0	0	0	0	0	0	0	0
Cluster_9	2039	22101.16315891213	1 Year	0	0	0	0	0	0	0	0
Cluster_90	2039	10449.855537668416	1 Year	0	0	0	0	0	0	0	0
Cluster_91	2039	16745.70439927121	1 Year	0	0	0	0	0	0	0	0
Cluster_93	2039	2250.166323882464	1 Year	0	0	0	0	0	0	0	0
Cluster_94	2039	6209.077002976865	1 Year	0	0	0	0	0	0	0	0
Cluster_95	2039	3263.459283204778	1 Year	0	0	0	0	0	0	0	0
Cluster_98	2039	4815.590012821836	1 Year	0	0	0	0	0	0	0	0
Cluster_99	2039	2680.3181255331865	1 Year	0	0	0	0	0	0	0	0
Coachella	2039	13432.973994469248	1 Year	0	0	0	0	0	0	0	0
Fowler	2039	9567.905648963597	1 Year	0	0	0	0	0	0	0	0
Los Angeles	2039	4218.792968959461	1 Year	0	0	0	0	0	0	0	0
Lost Hills	2039	6541.81581475118	1 Year	0	0	0	0	0	0	0	0
Mojave	2039	4402.57351116342	1 Year	0	0	0	0	0	0	0	0
Oakland	2039	2707.722376291878	1 Year	0	0	0	0	0	0	0	0
Orland	2039	31959.573755314188	1 Year	0	0	0	0	0	0	0	0
Santa Nella	2039	7437.591944762096	1 Year	0	0	0	0	0	0	0	0
W. Sacramento	2039	13615.116524244311	1 Year	0	0	0	0	0	0	0	0
Bakersfield	2040	3143.759979319692	1 Year	0	0	0	0	0	0	0	0
Cluster_1	2040	8491.33665277284	1 Year	0	0	0	0	0	0	0	0
Cluster_10	2040	8882.139527780144	1 Year	0	0	0	0	0	0	0	0
Cluster_100	2040	21587.383636819908	1 Year	0	0	0	0	0	0	0	0
Cluster_101	2040	4788.867707811295	1 Year	0	0	0	0	0	0	0	0
Cluster_102	2040	2806.978148415224	1 Year	0	0	0	0	0	0	0	0
Cluster_103	2040	2127.2967201315137	1 Year	0	0	0	0	0	0	0	0
Cluster_104	2040	12444.819815404278	1 Year	0	0	0	0	0	0	0	0
Cluster_105	2040	3353.47401315221	1 Year	0	0	0	0	0	0	0	0
Cluster_106	2040	1747.6593220285706	1 Year	0	0	0	0	0	0	0	0
Cluster_107	2040	1495.1812336919131	1 Year	0	0	0	0	0	0	0	0
Cluster_108	2040	2250.791001846303	1 Year	0	0	0	0	0	0	0	0
Cluster_109	2040	18610.029416107176	1 Year	0	0	0	0	0	0	0	0
Cluster_11	2040	3671.530256526655	1 Year	0	0	0	0	0	0	0	0
Cluster_110	2040	2491.117359491136	1 Year	0	0	0	0	0	0	0	0
Cluster_111	2040	2432.8292310268675	1 Year	0	0	0	0	0	0	0	0
Cluster_112	2040	934.2717669248162	1 Year	0	0	0	0	0	0	0	0
Cluster_113	2040	1381.8573254644216	1 Year	0	0	0	0	0	0	0	0
Cluster_115	2040	4108.60008145839	1 Year	0	0	0	0	0	0	0	0
Cluster_116	2040	3529.407411624211	1 Year	0	0	0	0	0	0	0	0
Cluster_118	2040	17201.40060634628	1 Year	0	0	0	0	0	0	0	0
Cluster_119	2040	10302.763469923531	1 Year	0	0	0	0	0	0	0	0
Cluster_12	2040	3174.8788833679664	1 Year	0	0	0	0	0	0	0	0
Cluster_120	2040	3760.051916135664	1 Year	0	0	0	0	0	0	0	0
Cluster_121	2040	7178.074315656735	1 Year	0	0	0	0	0	0	0	0
Cluster_122	2040	8971.55455874301	1 Year	0	0	0	0	0	0	0	0
Cluster_123	2040	7058.492476000939	1 Year	0	0	0	0	0	0	0	0
Cluster_125	2040	1528.085458043083	1 Year	0	0	0	0	0	0	0	0
Cluster_126	2040	5698.065230931354	1 Year	0	0	0	0	0	0	0	0
Cluster_127	2040	7621.87851059304	1 Year	0	0	0	0	0	0	0	0
Cluster_128	2040	4577.0236935803705	1 Year	0	0	0	0	0	0	0	0
Cluster_129	2040	4173.680734375352	1 Year	0	0	0	0	0	0	0	0
Cluster_13	2040	11723.62396212689	1 Year	0	0	0	0	0	0	0	0
Cluster_130	2040	6525.938873319555	1 Year	0	0	0	0	0	0	0	0
Cluster_131	2040	2615.8487967136293	1 Year	0	0	0	0	0	0	0	0
Cluster_132	2040	8484.622366663209	1 Year	0	0	0	0	0	0	0	0
Cluster_133	2040	14609.089103603736	1 Year	0	0	0	0	0	0	0	0
Cluster_134	2040	3692.50225755274	1 Year	0	0	0	0	0	0	0	0
Cluster_135	2040	4939.460798623391	1 Year	0	0	0	0	0	0	0	0
Cluster_136	2040	8458.806941443097	1 Year	0	0	0	0	0	0	0	0
Cluster_137	2040	2355.700635098315	1 Year	0	0	0	0	0	0	0	0
Cluster_138	2040	7505.072442429352	1 Year	0	0	0	0	0	0	0	0
Cluster_139	2040	3187.97541674594	1 Year	0	0	0	0	0	0	0	0
Cluster_14	2040	2279.4112094196967	1 Year	0	0	0	0	0	0	0	0
Cluster_140	2040	2110.831987614894	1 Year	0	0	0	0	0	0	0	0
Cluster_141	2040	8929.304578595284	1 Year	0	0	0	0	0	0	0	0
Cluster_142	2040	19347.76302434755	1 Year	0	0	0	0	0	0	0	0
Cluster_143	2040	5199.855022129243	1 Year	0	0	0	0	0	0	0	0
Cluster_144	2040	1308.0095375135552	1 Year	0	0	0	0	0	0	0	0
Cluster_145	2040	1974.347088851464	1 Year	0	0	0	0	0	0	0	0
Cluster_146	2040	5301.040208689119	1 Year	0	0	0	0	0	0	0	0
Cluster_15	2040	3784.250054910318	1 Year	0	0	0	0	0	0	0	0
Cluster_16	2040	1690.365139539511	1 Year	0	0	0	0	0	0	0	0
Cluster_17	2040	2243.515651181078	1 Year	0	0	0	0	0	0	0	0
Cluster_18	2040	5739.655120291154	1 Year	0	0	0	0	0	0	0	0
Cluster_19	2040	1810.2948220506853	1 Year	0	0	0	0	0	0	0	0
Cluster_2	2040	13122.30513769658	1 Year	0	0	0	0	0	0	0	0
Cluster_20	2040	346.26414814367763	1 Year	0	0	0	0	0	0	0	0
Cluster_21	2040	18070.426712241817	1 Year	0	0	0	0	0	0	0	0
Cluster_22	2040	14487.947728118832	1 Year	0	0	0	0	0	0	0	0
Cluster_23	2040	2114.29435211016	1 Year	0	0	0	0	0	0	0	0
Cluster_24	2040	3293.916923383264	1 Year	0	0	0	0	0	0	0	0
Cluster_25	2040	1163.890661957148	1 Year	0	0	0	0	0	0	0	0
Cluster_26	2040	10591.653459982595	1 Year	0	0	0	0	0	0	0	0
Cluster_27	2040	5538.2827827152005	1 Year	0	0	0	0	0	0	0	0
Cluster_28	2040	1925.1667425206344	1 Year	0	0	0	0	0	0	0	0
Cluster_29	2040	202.2119425661982	1 Year	0	0	0	0	0	0	0	0
Cluster_3	2040	3188.1548482524813	1 Year	0	0	0	0	0	0	0	0
Cluster_30	2040	2627.6346986830595	1 Year	0	0	0	0	0	0	0	0
Cluster_31	2040	4572.694589376054	1 Year	0	0	0	0	0	0	0	0
Cluster_32	2040	8351.018658557909	1 Year	0	0	0	0	0	0	0	0
Cluster_33	2040	19134.24739641013	1 Year	0	0	0	0	0	0	0	0
Cluster_34	2040	4678.06476366136	1 Year	0	0	0	0	0	0	0	0
Cluster_35	2040	4092.7619390296472	1 Year	0	0	0	0	0	0	0	0
Cluster_36	2040	20208.317837054023	1 Year	0	0	0	0	0	0	0	0
Cluster_37	2040	649.0729301177645	1 Year	0	0	0	0	0	0	0	0
Cluster_38	2040	3193.263554713831	1 Year	0	0	0	0	0	0	0	0
Cluster_39	2040	1413.6013352096595	1 Year	0	0	0	0	0	0	0	0
Cluster_4	2040	3924.31230213214	1 Year	0	0	0	0	0	0	0	0
Cluster_40	2040	10311.139890131106	1 Year	0	0	0	0	0	0	0	0
Cluster_41	2040	4132.330217913865	1 Year	0	0	0	0	0	0	0	0
Cluster_42	2040	6036.313764790173	1 Year	0	0	0	0	0	0	0	0
Cluster_43	2040	9967.884364512616	1 Year	0	0	0	0	0	0	0	0
Cluster_44	2040	2894.1211235313863	1 Year	0	0	0	0	0	0	0	0
Cluster_45	2040	2981.043917590811	1 Year	0	0	0	0	0	0	0	0
Cluster_47	2040	15511.710246261491	1 Year	0	0	0	0	0	0	0	0
Cluster_48	2040	6190.866911707014	1 Year	0	0	0	0	0	0	0	0
Cluster_49	2040	2072.207044311374	1 Year	0	0	0	0	0	0	0	0
Cluster_5	2040	9253.01166210331	1 Year	0	0	0	0	0	0	0	0
Cluster_50	2040	902.9340734191292	1 Year	0	0	0	0	0	0	0	0
Cluster_51	2040	6304.456080626822	1 Year	0	0	0	0	0	0	0	0
Cluster_52	2040	3415.300725078509	1 Year	0	0	0	0	0	0	0	0
Cluster_53	2040	13911.724401480978	1 Year	0	0	0	0	0	0	0	0
Cluster_54	2040	964.1338777754946	1 Year	0	0	0	0	0	0	0	0
Cluster_55	2040	5551.894171304682	1 Year	0	0	0	0	0	0	0	0
Cluster_56	2040	17473.532433175227	1 Year	0	0	0	0	0	0	0	0
Cluster_57	2040	2681.9485310881614	1 Year	0	0	0	0	0	0	0	0
Cluster_58	2040	16635.947213920455	1 Year	0	0	0	0	0	0	0	0
Cluster_59	2040	1590.1248836549785	1 Year	0	0	0	0	0	0	0	0
Cluster_6	2040	983.201229900224	1 Year	0	0	0	0	0	0	0	0
Cluster_61	2040	417.9519599346775	1 Year	0	0	0	0	0	0	0	0
Cluster_62	2040	8536.666108215903	1 Year	0	0	0	0	0	0	0	0
Cluster_63	2040	3384.0799417180074	1 Year	0	0	0	0	0	0	0	0
Cluster_64	2040	1199.830083340693	1 Year	0	0	0	0	0	0	0	0
Cluster_65	2040	19125.00826611283	1 Year	0	0	0	0	0	0	0	0
Cluster_66	2040	3523.43205783535	1 Year	0	0	0	0	0	0	0	0
Cluster_68	2040	3392.617623687625	1 Year	0	0	0	0	0	0	0	0
Cluster_69	2040	4251.190593449368	1 Year	0	0	0	0	0	0	0	0
Cluster_7	2040	2898.760927893335	1 Year	0	0	0	0	0	0	0	0
Cluster_70	2040	15471.309766747669	1 Year	0	0	0	0	0	0	0	0
Cluster_71	2040	2340.158937168744	1 Year	0	0	0	0	0	0	0	0
Cluster_72	2040	2725.365446517604	1 Year	0	0	0	0	0	0	0	0
Cluster_73	2040	5679.093528720409	1 Year	0	0	0	0	0	0	0	0
Cluster_74	2040	3920.715538956857	1 Year	0	0	0	0	0	0	0	0
Cluster_75	2040	2736.1272328285145	1 Year	0	0	0	0	0	0	0	0
Cluster_77	2040	4103.980143284763	1 Year	0	0	0	0	0	0	0	0
Cluster_78	2040	5899.083181417463	1 Year	0	0	0	0	0	0	0	0
Cluster_79	2040	10762.951062799242	1 Year	0	0	0	0	0	0	0	0
Cluster_80	2040	4162.566800710288	1 Year	0	0	0	0	0	0	0	0
Cluster_81	2040	2429.376653396152	1 Year	0	0	0	0	0	0	0	0
Cluster_82	2040	3927.617444614211	1 Year	0	0	0	0	0	0	0	0
Cluster_83	2040	1894.4981809526912	1 Year	0	0	0	0	0	0	0	0
Cluster_84	2040	246.9269484754089	1 Year	0	0	0	0	0	0	0	0
Cluster_85	2040	4798.645939345747	1 Year	0	0	0	0	0	0	0	0
Cluster_86	2040	2042.574948479056	1 Year	0	0	0	0	0	0	0	0
Cluster_87	2040	1479.5072520693757	1 Year	0	0	0	0	0	0	0	0
Cluster_88	2040	2133.501020912217	1 Year	0	0	0	0	0	0	0	0
Cluster_89	2040	718.8241046064577	1 Year	0	0	0	0	0	0	0	0
Cluster_9	2040	24740.33918643882	1 Year	0	0	0	0	0	0	0	0
Cluster_90	2040	11697.708785383593	1 Year	0	0	0	0	0	0	0	0
Cluster_91	2040	18745.366647671177	1 Year	0	0	0	0	0	0	0	0
Cluster_92	2040	1064.3318743835284	1 Year	0	0	0	0	0	0	0	0
Cluster_93	2040	2518.866436054785	1 Year	0	0	0	0	0	0	0	0
Cluster_94	2040	6950.524277108946	1 Year	0	0	0	0	0	0	0	0
Cluster_95	2040	3653.160198270436	1 Year	0	0	0	0	0	0	0	0
Cluster_96	2040	813.7598005043668	1 Year	0	0	0	0	0	0	0	0
Cluster_98	2040	5390.636205135539	1 Year	0	0	0	0	0	0	0	0
Cluster_99	2040	3000.3841461398883	1 Year	0	0	0	0	0	0	0	0
Coachella	2040	15037.051693443062	1 Year	0	0	0	0	0	0	0	0
Fowler	2040	10710.442222302245	1 Year	0	0	0	0	0	0	0	0
Los Angeles	2040	4722.573570401978	1 Year	0	0	0	0	0	0	0	0
Lost Hills	2040	7322.996576625438	1 Year	0	0	0	0	0	0	0	0
Mojave	2040	4928.299980242998	1 Year	0	0	0	0	0	0	0	0
Oakland	2040	3031.060832884625	1 Year	0	0	0	0	0	0	0	0
Orland	2040	35775.97655269293	1 Year	0	0	0	0	0	0	0	0
Santa Nella	2040	8325.740420116272	1 Year	0	0	0	0	0	0	0	0
W. Sacramento	2040	15240.944490148378	1 Year	0	0	0	0	0	0	0	0
